Quartile Boundaries:
Q1/Q2 boundary (25th percentile): 50.45 %
Q2/Q3 boundary (50th percentile/median): 57.92 %
Q3/Q4 boundary (75th percentile): 70.08 %

Participant Rankings (Best to Worst):
Rank	Participant ID	Overall Accuracy (%)	Overall Correct	Overall Total	Choice1 Accuracy (%)	Choice1 Correct	Choice1 Total	Choice2 Accuracy (%)	Choice2 Correct	Choice2 Total	Quartile
1	286	92.19	118	128	92.19	59	64	92.19	59	64	Top Quartile (Q4)
2	290	87.5	112	128	87.5	56	64	87.5	56	64	Top Quartile (Q4)
3	148	87.4	111	127	84.13	53	63	90.62	58	64	Top Quartile (Q4)
4	541	87.4	111	127	87.3	55	63	87.5	56	64	Top Quartile (Q4)
5	228	87.2	109	125	88.71	55	62	85.71	54	63	Top Quartile (Q4)
6	179	86.72	111	128	85.94	55	64	87.5	56	64	Top Quartile (Q4)
7	14	86.51	109	126	87.3	55	63	85.71	54	63	Top Quartile (Q4)
8	529	86.51	109	126	85.71	54	63	87.3	55	63	Top Quartile (Q4)
9	546	86.51	109	126	85.71	54	63	87.3	55	63	Top Quartile (Q4)
10	336	84.92	107	126	82.54	52	63	87.3	55	63	Top Quartile (Q4)
11	131	84.13	106	126	87.1	54	62	81.25	52	64	Top Quartile (Q4)
12	28	83.61	102	122	83.33	50	60	83.87	52	62	Top Quartile (Q4)
13	121	83.59	107	128	82.81	53	64	84.38	54	64	Top Quartile (Q4)
14	34	83.06	103	124	83.61	51	61	82.54	52	63	Top Quartile (Q4)
15	37	82.81	106	128	82.81	53	64	82.81	53	64	Top Quartile (Q4)
16	94	82.81	106	128	82.81	53	64	82.81	53	64	Top Quartile (Q4)
17	203	82.54	104	126	85.48	53	62	79.69	51	64	Top Quartile (Q4)
18	43	82.4	103	125	80.33	49	61	84.38	54	64	Top Quartile (Q4)
19	455	82.4	103	125	82.54	52	63	82.26	51	62	Top Quartile (Q4)
20	226	82.03	105	128	82.81	53	64	81.25	52	64	Top Quartile (Q4)
21	90	81.75	103	126	80.95	51	63	82.54	52	63	Top Quartile (Q4)
22	252	81.75	103	126	80.95	51	63	82.54	52	63	Top Quartile (Q4)
23	147	81.6	102	125	80.95	51	63	82.26	51	62	Top Quartile (Q4)
24	142	81.45	101	124	83.61	51	61	79.37	50	63	Top Quartile (Q4)
25	155	81.3	100	123	81.25	52	64	81.36	48	59	Top Quartile (Q4)
26	38	81.25	104	128	81.25	52	64	81.25	52	64	Top Quartile (Q4)
27	81	81.1	103	127	80.95	51	63	81.25	52	64	Top Quartile (Q4)
28	122	81.1	103	127	79.69	51	64	82.54	52	63	Top Quartile (Q4)
29	235	81.1	103	127	82.54	52	63	79.69	51	64	Top Quartile (Q4)
30	211	80.87	93	115	80	44	55	81.67	49	60	Top Quartile (Q4)
31	63	80.47	103	128	82.81	53	64	78.12	50	64	Top Quartile (Q4)
32	355	80.47	103	128	81.25	52	64	79.69	51	64	Top Quartile (Q4)
33	491	80.33	98	122	79.69	51	64	81.03	47	58	Top Quartile (Q4)
34	162	80.17	97	121	83.05	49	59	77.42	48	62	Top Quartile (Q4)
35	322	80.16	101	126	79.03	49	62	81.25	52	64	Top Quartile (Q4)
36	223	80	100	125	77.05	47	61	82.81	53	64	Top Quartile (Q4)
37	289	79.37	100	126	79.03	49	62	79.69	51	64	Top Quartile (Q4)
38	371	79.37	100	126	79.37	50	63	79.37	50	63	Top Quartile (Q4)
39	69	78.91	101	128	79.69	51	64	78.12	50	64	Top Quartile (Q4)
40	332	78.91	101	128	79.69	51	64	78.12	50	64	Top Quartile (Q4)
41	209	78.86	97	123	78.69	48	61	79.03	49	62	Top Quartile (Q4)
42	89	78.74	100	127	77.78	49	63	79.69	51	64	Top Quartile (Q4)
43	83	78.26	90	115	77.19	44	57	79.31	46	58	Top Quartile (Q4)
44	431	77.95	99	127	76.56	49	64	79.37	50	63	Top Quartile (Q4)
45	56	77.42	96	124	80.33	49	61	74.6	47	63	Top Quartile (Q4)
46	313	77.36	82	106	74.51	38	51	80	44	55	Top Quartile (Q4)
47	560	77.17	98	127	75	48	64	79.37	50	63	Top Quartile (Q4)
48	480	76.98	97	126	76.56	49	64	77.42	48	62	Top Quartile (Q4)
49	436	76.8	96	125	77.05	47	61	76.56	49	64	Top Quartile (Q4)
50	256	76.61	95	124	77.05	47	61	76.19	48	63	Top Quartile (Q4)
51	548	76.42	94	123	77.97	46	59	75	48	64	Top Quartile (Q4)
52	150	76.19	96	126	76.19	48	63	76.19	48	63	Top Quartile (Q4)
53	198	76	95	125	72.13	44	61	79.69	51	64	Top Quartile (Q4)
54	307	75.81	94	124	75.81	47	62	75.81	47	62	Top Quartile (Q4)
55	377	75.63	90	119	78.18	43	55	73.44	47	64	Top Quartile (Q4)
56	297	75.45	83	110	75.93	41	54	75	42	56	Top Quartile (Q4)
57	398	74.59	91	122	75.41	46	61	73.77	45	61	Top Quartile (Q4)
58	482	74.38	90	121	73.33	44	60	75.41	46	61	Top Quartile (Q4)
59	526	74.22	95	128	73.44	47	64	75	48	64	Top Quartile (Q4)
60	542	74.22	95	128	73.44	47	64	75	48	64	Top Quartile (Q4)
61	500	74.02	94	127	73.44	47	64	74.6	47	63	Top Quartile (Q4)
62	222	73.81	93	126	77.42	48	62	70.31	45	64	Top Quartile (Q4)
63	444	73.5	86	117	73.21	41	56	73.77	45	61	Top Quartile (Q4)
64	391	73.44	94	128	73.44	47	64	73.44	47	64	Top Quartile (Q4)
65	271	73.02	92	126	73.44	47	64	72.58	45	62	Top Quartile (Q4)
66	265	72.58	90	124	71.43	45	63	73.77	45	61	Top Quartile (Q4)
67	405	72.5	87	120	79.03	49	62	65.52	38	58	Top Quartile (Q4)
68	300	72.44	92	127	65.62	42	64	79.37	50	63	Top Quartile (Q4)
69	92	71.65	91	127	71.43	45	63	71.88	46	64	Top Quartile (Q4)
70	27	71.31	87	122	71.67	43	60	70.97	44	62	Top Quartile (Q4)
71	78	71.31	87	122	68.75	44	64	74.14	43	58	Top Quartile (Q4)
72	331	71.2	89	125	69.84	44	63	72.58	45	62	Top Quartile (Q4)
73	229	71.09	91	128	71.88	46	64	70.31	45	64	Top Quartile (Q4)
74	339	71.09	91	128	65.62	42	64	76.56	49	64	Top Quartile (Q4)
75	106	70.73	87	123	72.13	44	61	69.35	43	62	Top Quartile (Q4)
76	450	70.69	82	116	74.58	44	59	66.67	38	57	Top Quartile (Q4)
77	114	70.31	90	128	70.31	45	64	70.31	45	64	Top Quartile (Q4)
78	324	70.25	85	121	70	42	60	70.49	43	61	Top Quartile (Q4)
79	36	70.08	89	127	69.84	44	63	70.31	45	64	Top Quartile (Q4)
80	427	70.08	89	127	69.84	44	63	70.31	45	64	Top Quartile (Q4)
81	68	69.53	89	128	71.88	46	64	67.19	43	64	Third Quartile (Q3)
82	394	69.49	82	118	64.81	35	54	73.44	47	64	Third Quartile (Q3)
83	52	69.29	88	127	66.67	42	63	71.88	46	64	Third Quartile (Q3)
84	202	69.29	88	127	70.31	45	64	68.25	43	63	Third Quartile (Q3)
85	200	69.17	83	120	71.19	42	59	67.21	41	61	Third Quartile (Q3)
86	120	68.75	88	128	68.75	44	64	68.75	44	64	Third Quartile (Q3)
87	509	68.75	88	128	68.75	44	64	68.75	44	64	Third Quartile (Q3)
88	62	68.5	87	127	65.08	41	63	71.88	46	64	Third Quartile (Q3)
89	438	68.29	84	123	69.49	41	59	67.19	43	64	Third Quartile (Q3)
90	269	68	85	125	65.62	42	64	70.49	43	61	Third Quartile (Q3)
91	178	67.24	78	116	68.97	40	58	65.52	38	58	Third Quartile (Q3)
92	109	67.2	84	125	67.74	42	62	66.67	42	63	Third Quartile (Q3)
93	116	67.19	86	128	67.19	43	64	67.19	43	64	Third Quartile (Q3)
94	174	66.93	85	127	75	48	64	58.73	37	63	Third Quartile (Q3)
95	340	66.93	85	127	68.25	43	63	65.62	42	64	Third Quartile (Q3)
96	508	66.93	85	127	67.19	43	64	66.67	42	63	Third Quartile (Q3)
97	264	66.14	84	127	65.08	41	63	67.19	43	64	Third Quartile (Q3)
98	409	65.83	79	120	62.3	38	61	69.49	41	59	Third Quartile (Q3)
99	32	65.57	80	122	64.52	40	62	66.67	40	60	Third Quartile (Q3)
100	255	65.57	80	122	64.41	38	59	66.67	42	63	Third Quartile (Q3)
101	206	65.55	78	119	68.97	40	58	62.3	38	61	Third Quartile (Q3)
102	64	65.32	81	124	62.9	39	62	67.74	42	62	Third Quartile (Q3)
103	86	65.32	81	124	66.67	42	63	63.93	39	61	Third Quartile (Q3)
104	60	65.08	82	126	65.08	41	63	65.08	41	63	Third Quartile (Q3)
105	107	65.04	80	123	60.32	38	63	70	42	60	Third Quartile (Q3)
106	133	65	65	100	60.78	31	51	69.39	34	49	Third Quartile (Q3)
107	169	64.81	70	108	68.52	37	54	61.11	33	54	Third Quartile (Q3)
108	426	64.57	82	127	60.32	38	63	68.75	44	64	Third Quartile (Q3)
109	401	64.41	76	118	60.34	35	58	68.33	41	60	Third Quartile (Q3)
110	71	64.35	74	115	63.46	33	52	65.08	41	63	Third Quartile (Q3)
111	176	64.29	81	126	60.32	38	63	68.25	43	63	Third Quartile (Q3)
112	276	64.29	81	126	63.49	40	63	65.08	41	63	Third Quartile (Q3)
113	3	64.1	75	117	64.81	35	54	63.49	40	63	Third Quartile (Q3)
114	330	64	80	125	52.38	33	63	75.81	47	62	Third Quartile (Q3)
115	149	63.87	76	119	62.3	38	61	65.52	38	58	Third Quartile (Q3)
116	152	63.78	81	127	64.06	41	64	63.49	40	63	Third Quartile (Q3)
117	73	63.3	69	109	64	32	50	62.71	37	59	Third Quartile (Q3)
118	96	63.28	81	128	53.12	34	64	73.44	47	64	Third Quartile (Q3)
119	287	63.03	75	119	68.85	42	61	56.9	33	58	Third Quartile (Q3)
120	390	63.03	75	119	58.33	35	60	67.8	40	59	Third Quartile (Q3)
121	335	62.71	74	118	57.63	34	59	67.8	40	59	Third Quartile (Q3)
122	208	62.7	79	126	65.62	42	64	59.68	37	62	Third Quartile (Q3)
123	210	62.6	77	123	62.9	39	62	62.3	38	61	Third Quartile (Q3)
124	366	62.6	77	123	60	36	60	65.08	41	63	Third Quartile (Q3)
125	39	62.5	75	120	64.41	38	59	60.66	37	61	Third Quartile (Q3)
126	268	62.5	80	128	60.94	39	64	64.06	41	64	Third Quartile (Q3)
127	305	62.18	74	119	58.93	33	56	65.08	41	63	Third Quartile (Q3)
128	291	61.98	75	121	55.17	32	58	68.25	43	63	Third Quartile (Q3)
129	430	61.72	79	128	67.19	43	64	56.25	36	64	Third Quartile (Q3)
130	428	61.29	76	124	63.49	40	63	59.02	36	61	Third Quartile (Q3)
131	263	61.11	77	126	61.29	38	62	60.94	39	64	Third Quartile (Q3)
132	41	60.98	75	123	60.66	37	61	61.29	38	62	Third Quartile (Q3)
133	544	60.98	75	123	58.73	37	63	63.33	38	60	Third Quartile (Q3)
134	157	60.66	74	122	64.41	38	59	57.14	36	63	Third Quartile (Q3)
135	552	60.66	74	122	58.33	35	60	62.9	39	62	Third Quartile (Q3)
136	237	60.5	72	119	55.74	34	61	65.52	38	58	Third Quartile (Q3)
137	57	60.16	77	128	59.38	38	64	60.94	39	64	Third Quartile (Q3)
138	302	60.16	77	128	59.38	38	64	60.94	39	64	Third Quartile (Q3)
139	251	59.84	76	127	50.79	32	63	68.75	44	64	Third Quartile (Q3)
140	80	59.68	74	124	59.02	36	61	60.32	38	63	Third Quartile (Q3)
141	95	59.68	74	124	53.23	33	62	66.13	41	62	Third Quartile (Q3)
142	1	59.38	76	128	64.06	41	64	54.69	35	64	Third Quartile (Q3)
143	272	59.38	76	128	60.94	39	64	57.81	37	64	Third Quartile (Q3)
144	258	59.35	73	123	62.71	37	59	56.25	36	64	Third Quartile (Q3)
145	357	59.35	73	123	55.56	35	63	63.33	38	60	Third Quartile (Q3)
146	274	59.17	71	120	58.33	35	60	60	36	60	Third Quartile (Q3)
147	393	59.06	75	127	63.49	40	63	54.69	35	64	Third Quartile (Q3)
148	126	58.82	60	102	58.82	30	51	58.82	30	51	Third Quartile (Q3)
149	10	58.73	74	126	57.81	37	64	59.68	37	62	Third Quartile (Q3)
150	270	58.73	74	126	59.38	38	64	58.06	36	62	Third Quartile (Q3)
151	550	58.72	64	109	56.14	32	57	61.54	32	52	Third Quartile (Q3)
152	187	58.59	75	128	59.38	38	64	57.81	37	64	Third Quartile (Q3)
153	299	58.59	75	128	59.38	38	64	57.81	37	64	Third Quartile (Q3)
154	35	58.54	72	123	59.02	36	61	58.06	36	62	Third Quartile (Q3)
155	489	58.2	71	122	55.93	33	59	60.32	38	63	Third Quartile (Q3)
156	555	58.18	64	110	54.9	28	51	61.02	36	59	Third Quartile (Q3)
157	16	58.06	72	124	59.38	38	64	56.67	34	60	Third Quartile (Q3)
158	177	57.94	73	126	57.14	36	63	58.73	37	63	Third Quartile (Q3)
159	404	57.89	66	114	56.36	31	55	59.32	35	59	Second Quartile (Q2)
160	145	57.8	63	109	61.4	35	57	53.85	28	52	Second Quartile (Q2)
161	519	57.72	71	123	52.38	33	63	63.33	38	60	Second Quartile (Q2)
162	478	57.66	64	111	58.93	33	56	56.36	31	55	Second Quartile (Q2)
163	333	57.63	68	118	57.63	34	59	57.63	34	59	Second Quartile (Q2)
164	158	57.6	72	125	50.79	32	63	64.52	40	62	Second Quartile (Q2)
165	492	57.6	72	125	58.73	37	63	56.45	35	62	Second Quartile (Q2)
166	88	57.48	73	127	56.25	36	64	58.73	37	63	Second Quartile (Q2)
167	460	57.39	66	115	60.38	32	53	54.84	34	62	Second Quartile (Q2)
168	225	57.26	71	124	56.67	34	60	57.81	37	64	Second Quartile (Q2)
169	543	57.26	71	124	56.45	35	62	58.06	36	62	Second Quartile (Q2)
170	362	57.14	64	112	56.36	31	55	57.89	33	57	Second Quartile (Q2)
171	514	57.03	73	128	57.81	37	64	56.25	36	64	Second Quartile (Q2)
172	79	57.02	69	121	57.89	33	57	56.25	36	64	Second Quartile (Q2)
173	11	56.69	72	127	54.69	35	64	58.73	37	63	Second Quartile (Q2)
174	392	56.56	69	122	53.33	32	60	59.68	37	62	Second Quartile (Q2)
175	442	56.35	71	126	46.03	29	63	66.67	42	63	Second Quartile (Q2)
176	524	56.35	71	126	54.84	34	62	57.81	37	64	Second Quartile (Q2)
177	105	56.25	72	128	56.25	36	64	56.25	36	64	Second Quartile (Q2)
178	381	56.1	69	123	52.46	32	61	59.68	37	62	Second Quartile (Q2)
179	567	56	70	125	55.74	34	61	56.25	36	64	Second Quartile (Q2)
180	108	55.91	71	127	56.25	36	64	55.56	35	63	Second Quartile (Q2)
181	360	55.91	71	127	55.56	35	63	56.25	36	64	Second Quartile (Q2)
182	447	55.75	63	113	56.36	31	55	55.17	32	58	Second Quartile (Q2)
183	76	55.56	70	126	53.23	33	62	57.81	37	64	Second Quartile (Q2)
184	341	55.37	67	121	47.46	28	59	62.9	39	62	Second Quartile (Q2)
185	31	55.28	68	123	55.93	33	59	54.69	35	64	Second Quartile (Q2)
186	163	55.28	68	123	46.77	29	62	63.93	39	61	Second Quartile (Q2)
187	303	55.26	63	114	48.21	27	56	62.07	36	58	Second Quartile (Q2)
188	522	55.2	69	125	53.23	33	62	57.14	36	63	Second Quartile (Q2)
189	563	55.2	69	125	52.38	33	63	58.06	36	62	Second Quartile (Q2)
190	84	55.12	70	127	56.25	36	64	53.97	34	63	Second Quartile (Q2)
191	93	55.12	70	127	50.79	32	63	59.38	38	64	Second Quartile (Q2)
192	440	55.12	70	127	57.14	36	63	53.12	34	64	Second Quartile (Q2)
193	502	55	66	120	53.33	32	60	56.67	34	60	Second Quartile (Q2)
194	396	54.78	63	115	51.61	32	62	58.49	31	53	Second Quartile (Q2)
195	115	54.69	70	128	48.44	31	64	60.94	39	64	Second Quartile (Q2)
196	479	54.47	67	123	41.67	25	60	66.67	42	63	Second Quartile (Q2)
197	87	54.33	69	127	59.38	38	64	49.21	31	63	Second Quartile (Q2)
198	159	54.33	69	127	47.62	30	63	60.94	39	64	Second Quartile (Q2)
199	288	54.03	67	124	52.38	33	63	55.74	34	61	Second Quartile (Q2)
200	337	53.97	68	126	53.12	34	64	54.84	34	62	Second Quartile (Q2)
201	374	53.97	68	126	60.32	38	63	47.62	30	63	Second Quartile (Q2)
202	446	53.97	68	126	52.38	33	63	55.56	35	63	Second Quartile (Q2)
203	497	53.91	69	128	54.69	35	64	53.12	34	64	Second Quartile (Q2)
204	416	53.85	63	117	51.67	31	60	56.14	32	57	Second Quartile (Q2)
205	5	53.54	68	127	50.79	32	63	56.25	36	64	Second Quartile (Q2)
206	205	53.39	63	118	49.15	29	59	57.63	34	59	Second Quartile (Q2)
207	160	53.12	68	128	50	32	64	56.25	36	64	Second Quartile (Q2)
208	46	52.94	63	119	50.88	29	57	54.84	34	62	Second Quartile (Q2)
209	59	52.94	63	119	59.38	38	64	45.45	25	55	Second Quartile (Q2)
210	507	52.94	63	119	54.24	32	59	51.67	31	60	Second Quartile (Q2)
211	262	52.89	64	121	55.56	35	63	50	29	58	Second Quartile (Q2)
212	257	52.85	65	123	54.84	34	62	50.82	31	61	Second Quartile (Q2)
213	327	52.8	66	125	62.9	39	62	42.86	27	63	Second Quartile (Q2)
214	12	52.5	63	120	56.67	34	60	48.33	29	60	Second Quartile (Q2)
215	505	52.46	64	122	51.56	33	64	53.45	31	58	Second Quartile (Q2)
216	515	52.42	65	124	53.97	34	63	50.82	31	61	Second Quartile (Q2)
217	452	52.38	66	126	50.79	32	63	53.97	34	63	Second Quartile (Q2)
218	124	52.34	67	128	53.12	34	64	51.56	33	64	Second Quartile (Q2)
219	345	52.34	67	128	51.56	33	64	53.12	34	64	Second Quartile (Q2)
220	528	52.34	67	128	51.56	33	64	53.12	34	64	Second Quartile (Q2)
221	425	52	65	125	50	31	62	53.97	34	63	Second Quartile (Q2)
222	123	51.97	66	127	53.12	34	64	50.79	32	63	Second Quartile (Q2)
223	369	51.97	66	127	51.56	33	64	52.38	33	63	Second Quartile (Q2)
224	311	51.69	61	118	54.24	32	59	49.15	29	59	Second Quartile (Q2)
225	512	51.67	62	120	54.39	31	57	49.21	31	63	Second Quartile (Q2)
226	408	51.52	51	99	54.35	25	46	49.06	26	53	Second Quartile (Q2)
227	267	51.33	58	113	50.94	27	53	51.67	31	60	Second Quartile (Q2)
228	368	51.2	64	125	51.56	33	64	50.82	31	61	Second Quartile (Q2)
229	486	51.2	64	125	49.18	30	61	53.12	34	64	Second Quartile (Q2)
230	85	51.18	65	127	42.19	27	64	60.32	38	63	Second Quartile (Q2)
231	483	50.98	52	102	51.79	29	56	50	23	46	Second Quartile (Q2)
232	445	50.89	57	112	51.79	29	56	50	28	56	Second Quartile (Q2)
233	494	50.89	57	112	50	30	60	51.92	27	52	Second Quartile (Q2)
234	406	50.86	59	116	51.67	31	60	50	28	56	Second Quartile (Q2)
235	439	50.85	60	118	55.17	32	58	46.67	28	60	Second Quartile (Q2)
236	364	50.78	65	128	32.81	21	64	68.75	44	64	Second Quartile (Q2)
237	6	50.46	55	109	50.82	31	61	50	24	48	Second Quartile (Q2)
238	74	50.43	58	115	55.17	32	58	45.61	26	57	Bottom Quartile (Q1)
239	201	50.43	58	115	44.83	26	58	56.14	32	57	Bottom Quartile (Q1)
240	496	50.43	58	115	54.39	31	57	46.55	27	58	Bottom Quartile (Q1)
241	306	50.41	61	121	49.18	30	61	51.67	31	60	Bottom Quartile (Q1)
242	17	50.4	63	125	52.38	33	63	48.39	30	62	Bottom Quartile (Q1)
243	334	50.39	64	127	56.25	36	64	44.44	28	63	Bottom Quartile (Q1)
244	97	50	63	126	50.79	32	63	49.21	31	63	Bottom Quartile (Q1)
245	220	50	47	94	41.3	19	46	58.33	28	48	Bottom Quartile (Q1)
246	506	50	48	96	50.98	26	51	48.89	22	45	Bottom Quartile (Q1)
247	156	49.59	60	121	45.9	28	61	53.33	32	60	Bottom Quartile (Q1)
248	495	49.59	60	121	50	29	58	49.21	31	63	Bottom Quartile (Q1)
249	511	49.58	59	119	50.88	29	57	48.39	30	62	Bottom Quartile (Q1)
250	328	49.18	60	122	50	31	62	48.33	29	60	Bottom Quartile (Q1)
251	527	49.18	60	122	52.38	33	63	45.76	27	59	Bottom Quartile (Q1)
252	275	48.41	61	126	43.55	27	62	53.12	34	64	Bottom Quartile (Q1)
253	4	48.39	60	124	46.77	29	62	50	31	62	Bottom Quartile (Q1)
254	30	47.93	58	121	49.18	30	61	46.67	28	60	Bottom Quartile (Q1)
255	161	47.83	55	115	32.76	19	58	63.16	36	57	Bottom Quartile (Q1)
256	433	47.66	51	107	42.86	21	49	51.72	30	58	Bottom Quartile (Q1)
257	476	47.66	61	128	45.31	29	64	50	32	64	Bottom Quartile (Q1)
258	221	47.62	60	126	47.62	30	63	47.62	30	63	Bottom Quartile (Q1)
259	356	47.62	60	126	41.27	26	63	53.97	34	63	Bottom Quartile (Q1)
260	424	47.58	59	124	51.61	32	62	43.55	27	62	Bottom Quartile (Q1)
261	172	47.52	48	101	52.94	27	51	42	21	50	Bottom Quartile (Q1)
262	516	47.5	57	120	45.31	29	64	50	28	56	Bottom Quartile (Q1)
263	531	47.5	57	120	45.16	28	62	50	29	58	Bottom Quartile (Q1)
264	185	47.37	54	114	50.85	30	59	43.64	24	55	Bottom Quartile (Q1)
265	547	47.24	60	127	46.88	30	64	47.62	30	63	Bottom Quartile (Q1)
266	146	47.15	58	123	44.26	27	61	50	31	62	Bottom Quartile (Q1)
267	565	47.15	58	123	45.31	29	64	49.15	29	59	Bottom Quartile (Q1)
268	15	47.06	56	119	39.68	25	63	55.36	31	56	Bottom Quartile (Q1)
269	485	47.06	56	119	46.55	27	58	47.54	29	61	Bottom Quartile (Q1)
270	325	47.01	55	117	49.15	29	59	44.83	26	58	Bottom Quartile (Q1)
271	493	46.94	46	98	44.68	21	47	49.02	25	51	Bottom Quartile (Q1)
272	7	46.9	53	113	44.23	23	52	49.18	30	61	Bottom Quartile (Q1)
273	411	46.9	53	113	48	24	50	46.03	29	63	Bottom Quartile (Q1)
274	517	46.88	60	128	50	32	64	43.75	28	64	Bottom Quartile (Q1)
275	553	46.49	53	114	50.88	29	57	42.11	24	57	Bottom Quartile (Q1)
276	530	46.34	57	123	45	27	60	47.62	30	63	Bottom Quartile (Q1)
277	382	46.15	54	117	36.51	23	63	57.41	31	54	Bottom Quartile (Q1)
278	513	46.08	47	102	43.14	22	51	49.02	25	51	Bottom Quartile (Q1)
279	458	45.97	57	124	36.51	23	63	55.74	34	61	Bottom Quartile (Q1)
280	456	45.95	51	111	50	24	48	42.86	27	63	Bottom Quartile (Q1)
281	443	45.83	55	120	50.85	30	59	40.98	25	61	Bottom Quartile (Q1)
282	556	45.83	55	120	43.1	25	58	48.39	30	62	Bottom Quartile (Q1)
283	54	45.67	58	127	46.03	29	63	45.31	29	64	Bottom Quartile (Q1)
284	490	45.53	56	123	55.74	34	61	35.48	22	62	Bottom Quartile (Q1)
285	562	45.45	55	121	40.98	25	61	50	30	60	Bottom Quartile (Q1)
286	49	45.38	54	119	43.1	25	58	47.54	29	61	Bottom Quartile (Q1)
287	151	45.22	52	115	37.29	22	59	53.57	30	56	Bottom Quartile (Q1)
288	254	45	54	120	44.83	26	58	45.16	28	62	Bottom Quartile (Q1)
289	224	44.8	56	125	39.68	25	63	50	31	62	Bottom Quartile (Q1)
290	319	44.72	55	123	41.27	26	63	48.33	29	60	Bottom Quartile (Q1)
291	233	44.63	54	121	44.83	26	58	44.44	28	63	Bottom Quartile (Q1)
292	400	44.63	54	121	42.86	27	63	46.55	27	58	Bottom Quartile (Q1)
293	343	44.54	53	119	46.03	29	63	42.86	24	56	Bottom Quartile (Q1)
294	321	44.53	57	128	40.62	26	64	48.44	31	64	Bottom Quartile (Q1)
295	329	44.26	54	122	40.98	25	61	47.54	29	61	Bottom Quartile (Q1)
296	253	44	55	125	48.39	30	62	39.68	25	63	Bottom Quartile (Q1)
297	144	43.65	55	126	46.77	29	62	40.62	26	64	Bottom Quartile (Q1)
298	167	43.59	51	117	40	24	60	47.37	27	57	Bottom Quartile (Q1)
299	518	43.59	51	117	44.64	25	56	42.62	26	61	Bottom Quartile (Q1)
300	503	43.2	54	125	42.86	27	63	43.55	27	62	Bottom Quartile (Q1)
301	358	43.1	50	116	36.67	22	60	50	28	56	Bottom Quartile (Q1)
302	236	42.28	52	123	40.32	25	62	44.26	27	61	Bottom Quartile (Q1)
303	501	42.28	52	123	46.77	29	62	37.7	23	61	Bottom Quartile (Q1)
304	504	42.28	52	123	40	24	60	44.44	28	63	Bottom Quartile (Q1)
305	230	42.2	46	109	43.4	23	53	41.07	23	56	Bottom Quartile (Q1)
306	451	42.15	51	121	50	31	62	33.9	20	59	Bottom Quartile (Q1)
307	296	40.62	52	128	40.62	26	64	40.62	26	64	Bottom Quartile (Q1)
308	13	40.32	50	124	37.7	23	61	42.86	27	63	Bottom Quartile (Q1)
309	434	40.18	45	112	44.83	26	58	35.19	19	54	Bottom Quartile (Q1)
310	467	39.13	45	115	42.11	24	57	36.21	21	58	Bottom Quartile (Q1)
311	533	39.06	50	128	39.06	25	64	39.06	25	64	Bottom Quartile (Q1)
312	112	38.71	48	124	42.62	26	61	34.92	22	63	Bottom Quartile (Q1)
313	26	38.1	48	126	35.48	22	62	40.62	26	64	Bottom Quartile (Q1)
314	266	35.71	45	126	34.92	22	63	36.51	23	63	Bottom Quartile (Q1)
315	354	33.59	43	128	34.38	22	64	32.81	21	64	Bottom Quartile (Q1)
316	207	32.2	38	118	34.43	21	61	29.82	17	57	Bottom Quartile (Q1)
